2457189630
7689012354
3698527410
6309185472
2457189630
4719862530
9638527140
7412589630
5698741230
1429376850
3214567890
8745296314
1237894560
6548712390
3698527410
2457189630
6309185472
9876543210
7185439620
1237894560
8524179036
3698527410
2457189630
2109875643
8745296314
5327941068
8745296314
2109875643
8745296314
7689012354
1237894560
3214567890
9876543210
5698741230
1237894560
7412589630
3698527410
8524179036
6309185472
2457189630
9638527140
4719862530
7185439620
1237894560
8745296314
3698527410
1429376850
6548712390
1429376850
6548712390
6309185472
2457189630
9638527140
6309185472
4719862530
8745296314
2109875643
5327941068
1237894560
3698527410
8745296314
3698527410
1237894560