9175328640
6294751038
8013765429
9175328640
1362958047
4682037951
5790246813
9175328640
2587419360
4682037951
5790246813
5790246813
6294751038
8013765429
6294751038
4682037951
1362958047
9175328640
5790246813
2587419360
9175328640
1362958047
6294751038
8013765429
2587419360
5790246813
4682037951
1362958047
9175328640
6294751038
5790246813
8013765429
6294751038
4682037951
1362958047
4682037951
1362958047
2587419360
9175328640
5790246813
4682037951
9175328640
4682037951
9175328640
1362958047
5790246813
6294751038